101100000
000001000
101000001
000110000
101100001
000001000
101000001
000101000
101100000
000100000
101100000
000111000
101100010
000010000
111001010
000001101
101100001
010001000
000000001
011000111
111101011
111001110
000000001
111101100
111001101
000011110
101100011
011011000
101100001
001011000
000000100
001000011
000100000
111001110
000000100
001000110
000100000
111001110
000001101
101100001
010001000
000111001
000001100
101100001
010001000
000000001
111101111
100101001
111010000
100101001
101100100
001101000
111010000
000001100
101100100
010001000
100100001
000000001
111110001
111010010
101100100
001100000
111010010
101100011
001010000
000000010
111101010
111010011
000000100
110000011
000000101
110000010
111010100