101100000
011000000
000001000
101000001
000110000
101100000
000001000
101000001
000101000
101100000
011000000
000100000
101100000
011000000
000111000
101100001
000010000
000001110
101100011
011001000
000000001
111101100
000001110
000110101
000101001
111001100
000001101
101100000
010001000
000000001
011000111
111100100
111000111
000000001
111100101
111000110
000011110
101100010
011011000
101100000
001011000
000000100
001000011
000100000
111000111
000000100
001000110
000100000
111000111
000001101
101100000
010001000
000111001
000001100
101100000
010001000
000000001
111101000
100101001
111001001
100101001
101100011
001101000
111001001
000001100
101100011
010001000
100100001
000000001
111101010
111001011
101100011
001100000
111001011
101100010
001010000
000000010
111101100
000000100
110000111
000000101
110001000
101100001
000001000
101100010
001001000
101000001
000110000
101100000
001000000
000001000
101000001
000101000
101100000
011000000
000100000
101100000
011000000
000111000
101100001
000010000
000001110
101100011
011001000
000000001
111110101
000001110
000110101
000101001
111010101
000001101
101100000
010001000
000000001
011000111
111101101
111010000
000000001
111101110
111001111
000001110
101100010
011001000
101100000
001001000
000000100
001000001
000100000
111010000
000000100
001000110
000100000
111010000
000001101
101100000
010001000
000111001
000001100
101100000
010001000
000000001
111110001
100101001
111010010
100101001
101100011
001101000
111010010
000001100
101100011
010001000
100100001
000000001
111110011
111010100
101100011
001100000
111010100
101100010
001010000
000000010
111110101
000000100
110001001
000000101
110001010
101100001
000001000
101000001
000101000
000011101
101100000
001000000
000001000
101000001
000110000
101100000
011000000
000100000
101100000
011000000
000111000
101100001
000010000
000001110
101100011
011001000
000000001
111111110
000001110
000110101
000101001
111011110
000001101
101100000
010001000
000000001
011000111
111110110
111011001
000000001
111110111
111011000
000001110
101100010
011001000
101100000
001001000
000000100
001000001
000100000
111011001
000000100
001000110
000100000
111011001
000001101
101100000
010001000
000111001
000001100
101100000
010001000
000000001
111111010
100101001
111011011
100101001
101100011
001101000
111011011
000001100
101100011
010001000
100100001
000000001
111111100
111011101
101100011
001100000
111011101
101100010
001010000
000000010
111111110
000001011
101100011
010001000
100001111
101100010
001001000
101100010
011001000
000000110
010000001
001100000
000000100
110001011
000000101
110000110
000000100
110001011
000000101
110000110
101100001
000001000
101100000
001001000
101000001
000010000
101100000
001001000
101000001
000011000
101100000
001001000
101000001
000100000
000110100
101100011
010110000
100110111
101100010
001110000
101100010
011110000
000000011
001000100
000101000
110000101
000001011
010001100
000111011
011111100
011111001
101100010
011101000
010111101
000000001
010000111
011001111
011001000
100001111
000000010
001000001
001000110
110000100
111011111