101100000
110010001
000110000
101100010
110010000
000111000
101100000
000010000
000011000
101100011
011000010
111101011
111010101
000011010
101100001
001011000
101100011
011000011
111101101
111010100
000001010
101000001
000100000
000001011
101000001
000101000
011101100
101100000
000110000
000001101
101100001
010001000
001110001
100101001
000000101
111101110
111001111
101100011
101000000
000111000
000101110
101100101
011111000
101100001
001111000
001110111
100110111
000000110
111110000
111010001
000000101
110010000
101100100
101000000
000111000
000110101
101100101
011110000
101100001
001110000
001111110
100111111
000000111
111110010
111010011
000000101
110010001
101100001
001011000
111001100
101100001
001010000
111001010
111010110
